001 12.5 5 2000
002 8.3 1 1500
003 15.0 10 3000
004 10.7 15 2500
005 9.6 20 1800
006 14.2 7 2200
007 11.5 12 1900
008 13.3 5 2100
009 10.0 3 1600
010 7.8 2 1400
011 12.0 4 1700
012 8.7 6 1500
013 16.1 8 2600
014 9.9 9 2000
015 10.2 11 1700
016 11.8 13 2200
017 13.5 14 2500
018 12.4 16 2400
019 14.0 17 3000
020 10.6 18 1800
021 9.5 19 1600
022 13.1 21 2300
023 11.3 22 2200
024 14.4 23 2700
025 8.2 24 1400
026 12.9 25 2000
027 10.4 26 1900
028 13.8 27 2200
029 11.7 28 2100
030 12.1 29 2500
031 9.8 30 1600
032 14.3 1 2800
033 10.9 2 2300
034 8.5 3 2000
035 13.0 4 2400
036 11.2 5 2100
037 14.1 6 2600
038 10.3 7 1900
039 12.7 8 2200
040 9.7 9 1700
041 13.2 10 2400
042 11.6 11 2100
043 10.5 12 2000
044 8.8 13 1500
045 14.6 14 2900
046 12.3 15 2300
047 9.4 16 1800
048 11.0 17 2000
049 13.7 18 2500
050 10.1 19 1600